
EXCITATION
Xe -> Xe*(11.7eV)
 1.170000e+1
SPECIES: e / Xe
PROCESS: E + Xe -> E + Xe*(11.7eV), Excitation
PARAM.:  E = 11.7 eV, complete set
UPDATED: 2010-11-15 08:50:26
COLUMNS: Energy (eV) | Cross section (m2)
-----------------------------
 1.170000e+1	0.000000e+0
 1.170100e+1	6.466660e-27
 1.173514e+1	2.272530e-24
 1.177152e+1	4.624910e-24
 1.180917e+1	7.059970e-24
 1.184815e+1	9.580590e-24
 1.188850e+1	1.218980e-23
 1.193027e+1	1.489070e-23
 1.197350e+1	1.768650e-23
 1.201826e+1	2.450450e-23
 1.206458e+1	3.745740e-23
 1.211254e+1	5.086540e-23
 1.216218e+1	6.474470e-23
 1.221356e+1	7.911170e-23
 1.226675e+1	9.398350e-23
 1.232181e+1	1.093780e-22
 1.237880e+1	1.253140e-22
 1.243780e+1	1.418090e-22
 1.249887e+1	1.588840e-22
 1.256209e+1	1.765600e-22
 1.262752e+1	1.948560e-22
 1.269526e+1	2.137950e-22
 1.276538e+1	2.334000e-22
 1.283796e+1	2.536940e-22
 1.291309e+1	2.747010e-22
 1.299087e+1	2.964470e-22
 1.307137e+1	3.330450e-22
 1.315471e+1	3.727960e-22
 1.324097e+1	4.139440e-22
 1.333027e+1	4.565380e-22
 1.342270e+1	5.006280e-22
 1.351838e+1	5.462690e-22
 1.361743e+1	5.935130e-22
 1.371995e+1	6.424170e-22
 1.382608e+1	6.930400e-22
 1.393594e+1	7.454420e-22
 1.404965e+1	8.040050e-22
 1.416737e+1	8.703960e-22
 1.428922e+1	9.391200e-22
 1.441535e+1	1.010260e-21
 1.454592e+1	1.083900e-21
 1.468107e+1	1.160120e-21
 1.482098e+1	1.239030e-21
 1.496579e+1	1.320710e-21
 1.511570e+1	1.409420e-21
 1.527088e+1	1.502530e-21
 1.543151e+1	1.598910e-21
 1.559779e+1	1.698670e-21
 1.576991e+1	1.801940e-21
 1.594807e+1	1.908840e-21
 1.613250e+1	2.015530e-21
 1.632341e+1	2.124350e-21
 1.652103e+1	2.236990e-21
 1.672560e+1	2.353590e-21
 1.693735e+1	2.474290e-21
 1.715654e+1	2.599230e-21
 1.738344e+1	2.728560e-21
 1.761831e+1	2.862440e-21
 1.786143e+1	3.001020e-21
 1.811310e+1	3.137680e-21
 1.837361e+1	3.270540e-21
 1.864328e+1	3.408070e-21
 1.892243e+1	3.550440e-21
 1.921138e+1	3.697800e-21
 1.951049e+1	3.850350e-21
 1.982011e+1	4.008260e-21
 2.014061e+1	4.159060e-21
 2.047237e+1	4.298400e-21
 2.081579e+1	4.442630e-21
 2.117129e+1	4.591940e-21
 2.153927e+1	4.746490e-21
 2.192018e+1	4.906480e-21
 2.231449e+1	5.050070e-21
 2.272264e+1	5.192930e-21
 2.314515e+1	5.340800e-21
 2.358250e+1	5.493870e-21
 2.403521e+1	5.650210e-21
 2.450384e+1	5.786110e-21
 2.498894e+1	5.926790e-21
 2.549108e+1	6.072410e-21
 2.601087e+1	6.222500e-21
 2.654893e+1	6.346250e-21
 2.710590e+1	6.474360e-21
 2.768244e+1	6.606960e-21
 2.827924e+1	6.731660e-21
 2.889701e+1	6.845950e-21
 2.953649e+1	6.964250e-21
 3.019845e+1	7.074610e-21
 3.088366e+1	7.159570e-21
 3.159296e+1	7.247530e-21
 3.232719e+1	7.338570e-21
 3.308721e+1	7.432810e-21
 3.387395e+1	7.530370e-21
 3.468833e+1	7.631350e-21
 3.553133e+1	7.706130e-21
 3.640396e+1	7.765470e-21
 3.730725e+1	7.826890e-21
 3.824229e+1	7.890480e-21
 3.921018e+1	7.956290e-21
 4.021209e+1	8.014030e-21
 4.124921e+1	8.033730e-21
 4.232278e+1	8.054130e-21
 4.343407e+1	8.075250e-21
 4.458442e+1	8.097100e-21
 4.577519e+1	8.119730e-21
 4.700781e+1	8.143150e-21
 4.828374e+1	8.167390e-21
 4.960451e+1	8.192490e-21
 5.097170e+1	8.187370e-21
 5.238694e+1	8.168970e-21
 5.385191e+1	8.149920e-21
 5.536836e+1	8.130210e-21
 5.693810e+1	8.109800e-21
 5.856301e+1	8.088680e-21
 6.024502e+1	8.064360e-21
 6.198614e+1	8.024320e-21
 6.378844e+1	7.982870e-21
 6.565409e+1	7.939960e-21
 6.758529e+1	7.895540e-21
 6.958437e+1	7.849560e-21
 7.165369e+1	7.793700e-21
 7.379573e+1	7.733720e-21
 7.601306e+1	7.671630e-21
 7.830830e+1	7.607370e-21
 8.068420e+1	7.540160e-21
 8.314360e+1	7.468840e-21
 8.568942e+1	7.395010e-21
 8.832471e+1	7.318580e-21
 9.105261e+1	7.239470e-21
 9.387638e+1	7.157580e-21
 9.679938e+1	7.072820e-21
 9.982509e+1	6.985070e-21
 1.029571e+2	6.901640e-21
 1.061993e+2	6.815720e-21
 1.095553e+2	6.726780e-21
 1.130293e+2	6.634720e-21
 1.166254e+2	6.539430e-21
 1.203478e+2	6.441830e-21
 1.242011e+2	6.351270e-21
 1.281898e+2	6.257540e-21
 1.323186e+2	6.160510e-21
 1.365925e+2	6.060080e-21
 1.410167e+2	5.959670e-21
 1.455963e+2	5.868070e-21
 1.503368e+2	5.773260e-21
 1.552440e+2	5.675120e-21
 1.603236e+2	5.574340e-21
 1.655817e+2	5.482320e-21
 1.710245e+2	5.387070e-21
 1.766587e+2	5.288470e-21
 1.824908e+2	5.191390e-21
 1.885279e+2	5.097820e-21
 1.947772e+2	5.000950e-21
 2.012461e+2	4.904420e-21
 2.079423e+2	4.820720e-21
 2.148738e+2	4.734080e-21
 2.220489e+2	4.644390e-21
 2.294762e+2	4.551550e-21
 2.371644e+2	4.455440e-21
 2.451229e+2	4.366210e-21
 2.533610e+2	4.279710e-21
 2.618886e+2	4.190170e-21
 2.707160e+2	4.097480e-21
 2.798535e+2	4.001540e-21
 2.893121e+2	3.923180e-21
 2.991032e+2	3.842400e-21
 3.092383e+2	3.758780e-21
 3.197295e+2	3.672230e-21
 3.305895e+2	3.598520e-21
 3.418311e+2	3.522640e-21
 3.534678e+2	3.444090e-21
 3.655134e+2	3.366920e-21
 3.779823e+2	3.292110e-21
 3.908894e+2	3.214660e-21
 4.042501e+2	3.138750e-21
 4.180803e+2	3.069600e-21
 4.323965e+2	2.998020e-21
 4.472158e+2	2.923920e-21
 4.625559e+2	2.859780e-21
 4.784351e+2	2.796260e-21
 4.948724e+2	2.730510e-21
 5.118872e+2	2.669580e-21
 5.295000e+2	2.609700e-21
 5.477318e+2	2.547710e-21
 5.666043e+2	2.483550e-21
 5.861399e+2	2.417120e-21
 6.063621e+2	2.354090e-21
 6.272950e+2	2.301760e-21
 6.489635e+2	2.247590e-21
 6.713935e+2	2.191520e-21
 6.946117e+2	2.133470e-21
 7.186458e+2	2.082710e-21
 7.435245e+2	2.032950e-21
 7.692776e+2	1.981440e-21
 7.959356e+2	1.928130e-21
 8.235305e+2	1.882350e-21
 8.520951e+2	1.836650e-21
 8.816636e+2	1.789340e-21
 9.122711e+2	1.742820e-21
 9.439543e+2	1.698460e-21
 9.767509e+2	1.652550e-21
-----------------------------